assadssdads 1231424 2024-12-10 12 0 0 0 
Piotr 603947082 2024-12-12 4 2 2 2 
Piotr 603947082 2024-12-12 4 2 2 2 
Piotr 603947082 2024-12-12 2 0 0 0 
asffda 603947082 2024-12-12 0 2 0 0 
andrzej 123456789 2024-12-17 1 0 0 0 
rtrt 603947082 2024-12-11 0 1 0 0 
sadfgh 5013481393 2024-12-15 0 1 0 0 
sfg 603947082 2024-12-17 1 0 0 0 
fghj 123456789 2024-12-17 0 0 2 0 
fghj 123456789 2024-12-17 0 0 2 3 
wasfdgcvhj 123456789 2024-12-17 0 3 0 0 
asdfgjyr 123456783 2024-12-17 0 4 0 0 
fshjg 342546 2024-12-21 0 2 0 0 
  2024-12-22 0 0 0 0 
adam 501348139 2024-12-22 0 5 0 0 
